%YAML:1.0

ceiling_grid_razpi:
  - tag: 0
    size: 193.0
    translation: [0.0, 0.0, 0.]
    keep: false
  - tag: 1
    size: 193.0
    translation: [0.0, 914.4, 0.]
    keep: false
  - tag: 2
    size: 193.0
    translation: [0.0, 1828.8, 0.]
    keep: false
  - tag: 3
    size: 193.0
    translation: [0.0, 2743.2, 0.]
    keep: false
  - tag: 4
    size: 193.0
    translation: [0.0, 3657.6, 0.]
    keep: false
  - tag: 5
    size: 193.0
    translation: [0.0, 4572.0, 0.]
    keep: false
  - tag: 6
    size: 193.0
    translation: [0.0, 5486.4, 0.]
    keep: false
  - tag: 7
    size: 193.0
    translation: [0.0, 6400.8, 0.]
    keep: false
  - tag: 8
    size: 193.0
    translation: [0.0, 7315.2, 0.]
    keep: false
  - tag: 9
    size: 193.0
    translation: [0.0, 8229.6, 0.]
    keep: false
  - tag: 10
    size: 193.0
    translation: [0.0, 9144.0, 0.]
    keep: false
  - tag: 11
    size: 193.0
    translation: [0.0, 10058.4, 0.]
    keep: false
  - tag: 12
    size: 193.0
    translation: [0.0, 10972.8, 0.]
    keep: false
  - tag: 13
    size: 193.0
    translation: [0.0, 11887.2, 0.]
    keep: false
  - tag: 14
    size: 193.0
    translation: [0.0, 12801.6, 0.]
    keep: false
  - tag: 15
    size: 193.0
    translation: [0.0, 13716.0, 0.]
    keep: false
  - tag: 16
    size: 193.0
    translation: [0.0, 14630.4, 0.]
    keep: false
  - tag: 17
    size: 193.0
    translation: [0.0, 15544.8, 0.]
    keep: false
  - tag: 18
    size: 193.0
    translation: [0.0, 16459.2, 0.]
    keep: false
  - tag: 19
    size: 193.0
    translation: [0.0, 17373.6, 0.]
    keep: false
  - tag: 20
    size: 193.0
    translation: [0.0, 18288.0, 0.]
    keep: false
  - tag: 21
    size: 193.0
    translation: [0.0, 19202.4, 0.]
    keep: false
  - tag: 22
    size: 193.0
    translation: [914.4, 0.0, 0.]
    keep: false
  - tag: 23
    size: 193.0
    translation: [914.4, 914.4, 0.]
    keep: false
  - tag: 24
    size: 193.0
    translation: [914.4, 1828.8, 0.]
    keep: false
  - tag: 25
    size: 193.0
    translation: [914.4, 2743.2, 0.]
    keep: false
  - tag: 26
    size: 193.0
    translation: [914.4, 3657.6, 0.]
    keep: false
  - tag: 27
    size: 193.0
    translation: [914.4, 4572.0, 0.]
    keep: false
  - tag: 28
    size: 193.0
    translation: [914.4, 5486.4, 0.]
    keep: false
  - tag: 29
    size: 193.0
    translation: [914.4, 6400.8, 0.]
    keep: false
  - tag: 30
    size: 193.0
    translation: [914.4, 7315.2, 0.]
    keep: false
  - tag: 31
    size: 193.0
    translation: [914.4, 8229.6, 0.]
    keep: false
  - tag: 32
    size: 193.0
    translation: [914.4, 9144.0, 0.]
    keep: false
  - tag: 33
    size: 193.0
    translation: [914.4, 10058.4, 0.]
    keep: false
  - tag: 34
    size: 193.0
    translation: [914.4, 10972.8, 0.]
    keep: false
  - tag: 35
    size: 193.0
    translation: [914.4, 11887.2, 0.]
    keep: false
  - tag: 36
    size: 193.0
    translation: [914.4, 12801.6, 0.]
    keep: false
  - tag: 37
    size: 193.0
    translation: [914.4, 13716.0, 0.]
    keep: false
  - tag: 38
    size: 193.0
    translation: [914.4, 14630.4, 0.]
    keep: false
  - tag: 39
    size: 193.0
    translation: [914.4, 15544.8, 0.]
    keep: false
  - tag: 40
    size: 193.0
    translation: [914.4, 16459.2, 0.]
    keep: false
  - tag: 41
    size: 193.0
    translation: [914.4, 17373.6, 0.]
    keep: false
  - tag: 42
    size: 193.0
    translation: [914.4, 18288.0, 0.]
    keep: false
  - tag: 43
    size: 193.0
    translation: [914.4, 19202.4, 0.]
    keep: false
  - tag: 44
    size: 193.0
    translation: [1828.8, 0.0, 0.]
    keep: false
  - tag: 45
    size: 193.0
    translation: [1828.8, 914.4, 0.]
    keep: false
  - tag: 46
    size: 193.0
    translation: [1828.8, 1828.8, 0.]
    keep: false
  - tag: 47
    size: 193.0
    translation: [1828.8, 2743.2, 0.]
    keep: false
  - tag: 48
    size: 193.0
    translation: [1828.8, 3657.6, 0.]
    keep: false
  - tag: 49
    size: 193.0
    translation: [1828.8, 4572.0, 0.]
    keep: false
  - tag: 50
    size: 193.0
    translation: [1828.8, 5486.4, 0.]
    keep: false
  - tag: 51
    size: 193.0
    translation: [1828.8, 6400.8, 0.]
    keep: false
  - tag: 52
    size: 193.0
    translation: [1828.8, 7315.2, 0.]
    keep: false
  - tag: 53
    size: 193.0
    translation: [1828.8, 8229.6, 0.]
    keep: false
  - tag: 54
    size: 193.0
    translation: [1828.8, 9144.0, 0.]
    keep: false
  - tag: 55
    size: 193.0
    translation: [1828.8, 10058.4, 0.]
    keep: false
  - tag: 56
    size: 193.0
    translation: [1828.8, 10972.8, 0.]
    keep: false
  - tag: 57
    size: 193.0
    translation: [1828.8, 11887.2, 0.]
    keep: false
  - tag: 58
    size: 193.0
    translation: [1828.8, 12801.6, 0.]
    keep: false
  - tag: 59
    size: 193.0
    translation: [1828.8, 13716.0, 0.]
    keep: false
  - tag: 60
    size: 193.0
    translation: [1828.8, 14630.4, 0.]
    keep: false
  - tag: 61
    size: 193.0
    translation: [1828.8, 15544.8, 0.]
    keep: false
  - tag: 62
    size: 193.0
    translation: [1828.8, 16459.2, 0.]
    keep: false
  - tag: 63
    size: 193.0
    translation: [1828.8, 17373.6, 0.]
    keep: false
  - tag: 64
    size: 193.0
    translation: [1828.8, 18288.0, 0.]
    keep: false
  - tag: 65
    size: 193.0
    translation: [1828.8, 19202.4, 0.]
    keep: false
  - tag: 66
    size: 193.0
    translation: [2743.2, 0.0, 0.]
    keep: false
  - tag: 67
    size: 193.0
    translation: [2743.2, 914.4, 0.]
    keep: false
  - tag: 68
    size: 193.0
    translation: [2743.2, 1828.8, 0.]
    keep: false
  - tag: 69
    size: 193.0
    translation: [2743.2, 2743.2, 0.]
    keep: false
  - tag: 70
    size: 193.0
    translation: [2743.2, 3657.6, 0.]
    keep: false
  - tag: 71
    size: 193.0
    translation: [2743.2, 4572.0, 0.]
    keep: false
  - tag: 72
    size: 193.0
    translation: [2743.2, 5486.4, 0.]
    keep: false
  - tag: 73
    size: 193.0
    translation: [2743.2, 6400.8, 0.]
    keep: false
  - tag: 74
    size: 193.0
    translation: [2743.2, 7315.2, 0.]
    keep: false
  - tag: 75
    size: 193.0
    translation: [2743.2, 8229.6, 0.]
    keep: false
  - tag: 76
    size: 193.0
    translation: [2743.2, 9144.0, 0.]
    keep: false
  - tag: 77
    size: 193.0
    translation: [2743.2, 10058.4, 0.]
    keep: false
  - tag: 78
    size: 193.0
    translation: [2743.2, 10972.8, 0.]
    keep: false
  - tag: 79
    size: 193.0
    translation: [2743.2, 11887.2, 0.]
    keep: false
  - tag: 80
    size: 193.0
    translation: [2743.2, 12801.6, 0.]
    keep: false
  - tag: 81
    size: 193.0
    translation: [2743.2, 13716.0, 0.]
    keep: false
  - tag: 82
    size: 193.0
    translation: [2743.2, 14630.4, 0.]
    keep: false
  - tag: 83
    size: 193.0
    translation: [2743.2, 15544.8, 0.]
    keep: false
  - tag: 84
    size: 193.0
    translation: [2743.2, 16459.2, 0.]
    keep: false
  - tag: 85
    size: 193.0
    translation: [2743.2, 17373.6, 0.]
    keep: false
  - tag: 86
    size: 193.0
    translation: [2743.2, 18288.0, 0.]
    keep: false
  - tag: 87
    size: 193.0
    translation: [2743.2, 19202.4, 0.]
    keep: false
  - tag: 88
    size: 193.0
    translation: [3657.6, 0.0, 0.]
    keep: false
  - tag: 89
    size: 193.0
    translation: [3657.6, 914.4, 0.]
    keep: false
  - tag: 90
    size: 193.0
    translation: [3657.6, 1828.8, 0.]
    keep: false
  - tag: 91
    size: 193.0
    translation: [3657.6, 2743.2, 0.]
    keep: false
  - tag: 92
    size: 193.0
    translation: [3657.6, 3657.6, 0.]
    keep: false
  - tag: 93
    size: 193.0
    translation: [3657.6, 4572.0, 0.]
    keep: false
  - tag: 94
    size: 193.0
    translation: [3657.6, 5486.4, 0.]
    keep: false
  - tag: 95
    size: 193.0
    translation: [3657.6, 6400.8, 0.]
    keep: false
  - tag: 96
    size: 193.0
    translation: [3657.6, 7315.2, 0.]
    keep: false
  - tag: 97
    size: 193.0
    translation: [3657.6, 8229.6, 0.]
    keep: false
